28
28
28
28
28
28
28
28
28
28
28
28
28
28
28
28
28
28
28
28
28
28
28
28
28
28
28
28
28
28
28
28
28
28
28
28
28
28
28
28
28
28
28
28
28
28
28
28
28
28
83
83
83
83
83
83
83
83
83
83
83
83
83
83
83
83
102
83
102
83
102
83
102
83
83
83
83
83
83
83
83
83
83
102
102
83
83
83
83
83
83
83
83
83
83
83
83
83
83
83
102
102
102
102
102
102
102
102
102
102
102
102
102
102
102
102
102
102
102
102
102
102
102
102
102
102
102
102
102
102
102
83
102
102
102
102
102
102
102
102
102
102
102
102
102
102
102
102
102
102